  450.8577  420.3071
  417.5139  420.1352
  378.7812  420.5152
  347.2622  420.2614
  312.0788  419.0585
  275.8123  419.8377
  242.0464  419.8539
  208.1826  419.4680
  176.7784  421.6821
  141.3294  419.1243
  102.5701  419.5162
   72.3149  419.2880
   35.3654  418.8258
   -0.0631  419.8078
  433.7147  389.7259
  398.1550  391.5301
  363.5959  389.7510
  330.5697  388.9358
  295.8490  391.6035
  261.2172  391.2347
  225.8315  389.7704
  189.3125  388.4938
  156.5972  389.5554
  122.8702  389.8441
   87.0889  390.2761
   52.9947  389.7388
   18.0469  390.4434
  450.0166  360.3919
  415.9739  358.7493
  380.2527  359.0520
  347.2884  359.2589
  310.6129  359.4922
  276.0511  359.6794
  241.6705  360.0125
  204.8957  356.9708
  174.6384  359.5430
  138.8852  361.2424
  103.1651  358.9333
   70.6503  360.9337
   32.9285  360.3503
   -0.1022  359.9710
  432.7586  330.1825
  398.6792  328.4349
  364.0329  329.9155
  328.2151  331.6039
  294.4099  330.0983
  259.6351  330.0414
  225.7877  329.2658
  191.6133  329.9692
  156.9893  330.2323
  120.3763  330.4264
   86.6774  329.6272
   50.7459  329.7635
   16.2065  332.0237
  450.3132  297.7416
  417.2126  302.2294
  380.2703  300.3376
  346.7714  301.0001
  311.5344  298.3358
  278.2374  299.4100
  241.3909  299.7219
  207.8726  300.4227
  173.7525  298.3298
  139.6606  300.4716
  105.4642  298.7872
   69.3659  300.0662
   33.1484  300.6524
   -0.7423  300.3271
  431.9384  271.0826
  400.7105  271.0061
  363.1044  269.3491
  329.8281  270.2571
  294.2476  269.0556
  260.6886  268.6782
  224.3952  270.9248
  189.1177  270.0000
  154.4576  269.9451
  121.7282  270.9111
   86.4226  270.5946
   51.7639  270.3502
   18.7393  271.2503
  450.6116  240.9298
  415.8778  240.2398
  382.6277  239.3096
  345.5955  239.3484
  312.4566  241.1921
  277.9551  238.3882
  242.2363  239.9755
  208.0557  238.0512
  172.0342  241.0205
  137.4120  240.8617
  104.0249  240.0012
   70.0023  239.9292
   37.2255  237.5137
   -0.6669  240.5812
  433.1873  207.8076
  398.2775  207.6807
  361.7870  210.0799
  328.6410  209.0515
  292.6453  210.4115
  260.6404  210.6770
  224.2720  210.8577
  190.6201  209.3088
  155.3355  210.4494
  121.5435  210.1006
   85.9997  210.8261
   52.4500  210.5362
   18.0594  210.8979
  452.0319  179.8681
  415.4859  179.8528
  378.9016  181.0078
  345.5604  177.8763
  313.1146  179.4954
  276.0478  178.7294
  243.4410  179.6174
  207.9640  180.6487
  174.6367  180.8257
  136.5991  178.9851
  103.7223  179.5289
   68.0722  180.1370
   37.5480  179.7081
    0.8252  180.3018
  434.3790  150.3999
  397.3018  149.0700
  363.2514  149.8232
  328.8075  147.8679
  295.5384  151.1454
  259.5221  149.3709
  225.8615  148.7962
  188.4682  149.7461
  155.5262  148.5714
  120.4164  149.9791
   85.0229  149.4393
   52.4680  152.1778
   17.6020  151.1385
  450.3535  117.5031
  414.3463  120.4413
  382.1675  118.6019
  346.7502  119.7449
  311.4609  120.1644
  277.1429  120.7477
  242.2180  119.7270
  206.0898  121.5763
  172.9143  119.5191
  137.7286  120.3275
  102.9408  120.6647
   68.1236  120.0852
   34.1064  120.8810
   -2.0026  120.3232
  433.9642   89.2159
  398.8801   88.1946
  363.7000   91.8586
  329.0452   89.3955
  293.6418   90.1034
  260.8187   90.5632
  225.0268   90.1136
  189.8055   89.0953
  157.2314   89.5323
  121.0152   89.8751
   86.0110   91.4790
   51.6662   89.1392
   16.4721   90.7847
  449.1999   60.3086
  418.2060   59.7661
  382.6955   58.9430
  346.7075   59.7159
  310.5029   59.9133
  276.2545   58.5306
  242.3035   60.1922
  208.6314   59.1777
  171.8680   59.9058
  136.2301   60.3362
  102.4709   59.0953
   69.6135   59.7117
   35.0314   60.3501
    0.4517   58.1641
  432.8697   31.0360
  398.5437   32.4245
  363.2438   30.9594
  329.9420   29.6842
  293.0783   30.4286
  260.2550   28.9640
  224.3113   31.8779
  190.1851   30.9407
  156.4328   30.7873
  122.2791   29.1241
   85.4824   30.3199
   53.2207   29.4417
   17.9801   29.6886
  450.2521   -0.5700
  415.4848   -1.0257
  380.8224   -0.9087
  346.0969   -0.2099
  311.7830   -1.6989
  277.1713    0.6076
  243.3061   -0.1178
  209.3670    0.6992
  173.6669    0.2696
  138.3503    0.4943
  104.5452   -1.4831
   69.4632   -1.0203
   33.6102   -0.4470
    0.9492    0.1097